   0.0087140419
  -0.0029844933
   0.0142474178
   0.0145104836
   0.0101091826
   0.0135284453
   0.0108828328
   0.0202833211
   0.0189349740
   0.0096834235
  -0.0206155820
  -0.0130428702
   0.0004757107
  -0.0327479002
  -0.0392048649
  -0.0364291750
  -0.0184164299
  -0.0179029775
  -0.0407482715
  -0.0466146286
  -0.0479109339
  -0.0444460015
  -0.0257323415
  -0.0334103473
  -0.0459649783
  -0.0497075391
  -0.0499760795
  -0.0404503722
  -0.0085964617
  -0.0380188672
  -0.0461754226
  -0.0454383804
  -0.0312453910
  -0.0157729431
  -0.0226878024
  -0.0370406745
  -0.0136300163
   0.0010600603
   0.0007145267
   0.0038782633
  -0.0022489303
  -0.0200912090
  -0.0153059244
  -0.0066633156
  -0.0234193383
  -0.0168281859
   0.0086665277
  -0.0155493000
  -0.0214037044
  -0.0051920983
  -0.0125971081
  -0.0098574119
   0.0056336461
   0.0020112744
   0.0119945292
  -0.0013687217
   0.0097104858
   0.0134710439
   0.0144789020
  -0.0083802824
   0.0087917286
   0.0136243384
   0.0135771902
  -0.0066047490
   0.0093576806
   0.0111919822
   0.0051384144
   0.0156956086
   0.0157857911
   0.0113482080
   0.0163966005
   0.0182145570
   0.0159922632
   0.0100204520
   0.0218469473
   0.0124967913
   0.0168025285
   0.0174669117
   0.0149824483
   0.0178085938
   0.0137870309
   0.0170649319
   0.0174735362
   0.0178674948
   0.0137127899
   0.0147907580
   0.0130588007
   0.0151730465
   0.0162239028
   0.0147717177
   0.0090160947
   0.0288470458
   0.0203647399
   0.0392670058
   0.0322451765
   0.0099238664
   0.0312479894
   0.0389495878
   0.0265044595
   0.0329654168
   0.0293045257
   0.0182397084
   0.0152670429
   0.0078286104
   0.0118698092
   0.0124979307
   0.0117207967
   0.0083857387
   0.0059350823
   0.0089373628
   0.0074272411
   0.0145412094
   0.0046448081
  -0.0046409609
   0.0138744232
   0.0001770706
   0.0101177201
   0.0035661975
  -0.0116407212
  -0.0203051535
  -0.0271001252
  -0.0240565479
  -0.0087665748
  -0.0258789277
  -0.0339070562
  -0.0356438547
  -0.0330219595
  -0.0218950657
  -0.0160103276
  -0.0321102607
  -0.0379637194
  -0.0396369807
  -0.0380315174
  -0.0290606700
  -0.0259999179
  -0.0360210155
  -0.0396206151
  -0.0390476032
  -0.0310302666
  -0.0134762057
  -0.0101056462
  -0.0292998430
  -0.0359467763
  -0.0347727978
  -0.0242443120
  -0.0142272615
  -0.0184878385
  -0.0285962765
  -0.0074446866
   0.0002661497
   0.0009222414
   0.0029881524
  -0.0002281208
  -0.0119945166
  -0.0097023017
   0.0070989938
  -0.0035191998
  -0.0152796185
  -0.0114738479
   0.0041770215
  -0.0139814115
  -0.0136714070
  -0.0007374277
  -0.0096314989
  -0.0111032034
   0.0020526451
  -0.0035899541
  -0.0034618517
   0.0040320952
  -0.0026093126
   0.0051546993
   0.0095715258
   0.0115425286
  -0.0041635743
   0.0059676852
   0.0101084908
   0.0113821590
  -0.0186934246
   0.0010733120
   0.0083094286
   0.0103926068
   0.0113465653
  -0.0113437081
   0.0023637377
   0.0075946743
   0.0024373209
   0.0128916760
   0.0110602789
   0.0047436363
   0.0136257971
   0.0137605061
   0.0116001414
   0.0049981494
   0.0122622319
   0.0140377920
   0.0143804920
   0.0123040668
   0.0097625488
   0.0149198700
   0.0115529176
   0.0135775299
   0.0133545492
   0.0114634897
   0.0137748533
   0.0106136333
   0.0133569878
   0.0137079845
   0.0144833703
   0.0134984677
   0.0101949666
   0.0122655976
   0.0110174061
   0.0124569535
   0.0136373904
   0.0135569210
   0.0114278698
   0.0055814225
   0.0132698940
   0.0191343194
   0.0152569034
   0.0281720983
   0.0241056160
   0.0117250390
   0.0227981637
   0.0305745240
   0.0249120997
   0.0068216413
   0.0164929967
   0.0277668072
   0.0271175186
   0.0160330763
   0.0248371431
   0.0183340069
   0.0155586213
   0.0078989987
   0.0073887607
   0.0021366793
   0.0097291471
   0.0106277466
   0.0111805289
   0.0109307706
   0.0083265681
  -0.0009048192
   0.0102186411
   0.0107547970
   0.0095982929
   0.0062206460
   0.0032542027
   0.0067393753
   0.0054436221
   0.0109414751
   0.0042749669
  -0.0041515324
  -0.0009566019
   0.0103686640
   0.0046177331
   0.0047861993
  -0.0024656892
   0.0051350601
   0.0003322376
  -0.0082206011
  -0.0134998543
  -0.0207908142
  -0.0201053223
  -0.0117100124
  -0.0181391856
  -0.0263478346
  -0.0286906761
  -0.0273437312
  -0.0207096355
  -0.0098274037
  -0.0241101712
  -0.0301793912
  -0.0321788359
  -0.0313394749
  -0.0259219663
  -0.0194274970
  -0.0282418314
  -0.0319869378
  -0.0321204137
  -0.0275199528
  -0.0160276561
  -0.0070158983
  -0.0229768819
  -0.0290003674
  -0.0277030646
  -0.0184809847
  -0.0103694802
  -0.0138437883
  -0.0225186625
  -0.0037281667
   0.0017152202
   0.0021204961
   0.0042262406
  -0.0071497806
  -0.0058841976
   0.0057302761
  -0.0051276659
  -0.0105189866
  -0.0058805574
   0.0056976735
  -0.0029821063
  -0.0100282548
  -0.0078037136
   0.0027016060
  -0.0069151098
  -0.0056594969
   0.0051146178
  -0.0022511200
   0.0006035707
   0.0039704387
   0.0015734137
   0.0066053262
   0.0092143837
  -0.0102610535
   0.0015100277
   0.0067388439
   0.0089983005
   0.0101083793
  -0.0047765573
   0.0041529679
   0.0076884615
   0.0090687192
  -0.0136604629
   0.0002784632
   0.0058286421
   0.0007514194
   0.0107400598
   0.0080992283
   0.0003987240
   0.0113866206
   0.0116489603
   0.0109695938
   0.0081566606
   0.0006771796
   0.0110658063
   0.0118787488
   0.0113346203
   0.0090121798
   0.0095281726
   0.0110204893
   0.0105770836
   0.0089108107
   0.0110421280
   0.0078986488
   0.0105921205
   0.0111350448
   0.0118985989
   0.0109456539
   0.0076801866
   0.0097171207
   0.0085458549
   0.0098605444
   0.0111482068
   0.0116544133
   0.0109894130
   0.0083117423
   0.0017045658
   0.0146836062
   0.0113267364
   0.0219557375
   0.0186621515
   0.0089197689
   0.0184319663
   0.0237372377
   0.0189006652
   0.0046921124
   0.0144625121
   0.0221395579
   0.0204723410
   0.0113388984
   0.0112218084
   0.0197009078
   0.0125635990
   0.0114798324
   0.0010566518
   0.0051911682
   0.0078222722
   0.0092359002
   0.0100057093
   0.0089419841
   0.0053571443
   0.0087792302
   0.0091301860
   0.0096730853
   0.0089536835
   0.0086520029
   0.0077778559
  -0.0016758018
   0.0044898539
   0.0065177684
   0.0014488035
   0.0042642230
   0.0034966909
  -0.0015614534
   0.0006464291
   0.0074701864
   0.0035284087
   0.0014266077
  -0.0035939051
   0.0022230733
  -0.0013716215
  -0.0071312915
  -0.0138446452
  -0.0144438086
  -0.0098007909
  -0.0102787391
  -0.0185408198
  -0.0213844912
  -0.0208311505
  -0.0165965268
   0.0002437818
  -0.0145425171
  -0.0216750291
  -0.0247787946
  -0.0254771449
  -0.0239374648
  -0.0190868271
  -0.0100527674
  -0.0197950317
  -0.0248669525
  -0.0269107891
  -0.0267097903
  -0.0236724077
  -0.0160294638
  -0.0162006995
  -0.0225559378
  -0.0258345056
  -0.0264005760
  -0.0239795217
  -0.0176910505
  -0.0082262140
  -0.0185374895
  -0.0232934096
  -0.0221063518
  -0.0150938108
  -0.0093678780
  -0.0117607254
  -0.0180952214
  -0.0015023089
   0.0014526614
   0.0020132676
   0.0036296431
  -0.0038309404
  -0.0034048425
   0.0102012690
   0.0048621552
  -0.0047779039
  -0.0066328401
  -0.0028340266
   0.0042802982
  -0.0041744255
  -0.0071894029
  -0.0044167923
   0.0031727620
  -0.0050362521
  -0.0055038932
  -0.0006292801
   0.0085971129
  -0.0031723630
  -0.0012919475
   0.0065675294
   0.0003377764
   0.0030248936
   0.0035278719
   0.0058304740
  -0.0009080232
   0.0043167830
   0.0070311523
   0.0085542301
  -0.0033750669
   0.0031616699
   0.0063179574
   0.0078795637
  -0.0061675176
   0.0019878716
   0.0055856173
   0.0073335118
  -0.0011741029
   0.0040561207
   0.0065609005
   0.0101038442
   0.0096043188
   0.0080677528
   0.0041673806
   0.0099793769
   0.0100484080
   0.0091903956
   0.0067555996
   0.0092899560
   0.0098636813
   0.0094414897
   0.0079046136
   0.0077990951
   0.0089025546
   0.0084465737
   0.0069326997
   0.0090726217
   0.0066934601
   0.0086386438
   0.0093451559
   0.0099582911
   0.0091373604
   0.0066460093
   0.0076782861
   0.0075214173
   0.0086777750
   0.0097176795
   0.0100832721
   0.0094501811
   0.0072003168
   0.0023477120
   0.0098966245
   0.0101035423
   0.0095977807
   0.0103531731
   0.0162705499
   0.0138912381
   0.0071714163
   0.0133701899
   0.0187640367
   0.0155423447
   0.0067871515
   0.0119521584
   0.0175238515
   0.0180011231
   0.0130192233
   0.0128958899
   0.0176866772
   0.0140653221
   0.0050765410
   0.0144585356
   0.0073350750
