   3.9695190710   -0.6362915609    1.9560317359
   5.3039767249    1.2489537744    0.1373783879
   4.6374550392    2.0013012315    0.1373783879
   3.9695190710   -0.6362915609   -1.6812749600
   2.2171829684   -0.5019975585    2.2391032093
   1.6921829684    0.4073291155    1.9577565573
   2.2171829684   -0.5019975585   -1.9608967907
   2.0903503239   -1.8219927944    2.3318598573
   3.1403503239   -1.8219927944    2.0505132053
   2.6153503239   -2.7313194684    2.0505132053
   3.1403503239   -1.8219927944   -1.5867934906
   2.6153503239   -2.7313194684   -1.5867934906
   2.0903503239   -1.8219927944   -1.8681401427
   0.8509963973   -2.2459351688    2.3066834952
  -0.1990036027   -2.2459351688    2.0253368432
   0.3259963973   -3.1552618428    2.0253368432
   1.3759963973   -3.1552618428    2.0253368432
   0.5921750402   -4.0460772480    1.2566834952
   1.6064923015   -3.9002404426    1.2566834952
   0.1063261345   -4.2094692785    0.2066834952
   1.1041234258   -4.3306238044    0.2066834952
   2.0439323654   -3.9742012872    0.2066834952
   0.5921750402   -4.0460772480   -0.8433165048
   1.6064923015   -3.9002404426   -0.8433165048
   0.3259963973   -3.1552618428   -1.6119698527
   1.3759963973   -3.1552618428   -1.6119698527
   0.8509963973   -2.2459351688   -1.8933165048
   0.1286396435   -1.1164529255    2.1890989342
  -0.3963603565   -0.2071262515    1.9077522822
  -0.3963603565   -2.0257795994    1.9077522822
   1.1786396435   -1.1164529255   -1.7295544137
  -0.3963603565   -0.2071262515   -1.7295544137
  -0.3963603565   -2.0257795994   -1.7295544137
   0.1286396435   -1.1164529255   -2.0109010658
   0.9245936782   -0.0184596209    2.1437502743
   1.4495936782    0.8908670531    1.8624036223
  -0.1254063218   -0.0184596209    1.8624036223
  -0.1254063218   -0.0184596209   -1.7749030736
   1.4495936782   -0.9277862949   -1.7749030736
   0.9245936782   -0.0184596209   -2.0562497257
   0.4157067489    1.3150093900    2.0215640015
   1.4657067489    1.3150093900    1.7402173494
  -0.1092932511    2.2243360639    1.7402173494
   1.4657067489    1.3150093900   -1.8970893465
  -0.1092932511    2.2243360639   -1.8970893465
  -0.1092932511    0.4056827160   -1.8970893465
   0.4157067489    1.3150093900   -2.1784359985
   1.0766667110    2.3178524043    1.8377748090
   2.0566667110    2.3178524043    1.5751846004
   1.5666667110    3.1665573000    1.5751846004
   0.5866667110    3.1665573000    1.5751846004
   2.4499000786    3.3155648468    0.8577748090
   1.6011951829    3.9321850472    0.8577748090
   0.5521382390    3.9321850472    0.8577748090
   3.0366667110    2.3178524043   -0.1222251910
   2.7740765024    3.2978524043   -0.1222251910
   2.0566667110    4.0152621957   -0.1222251910
   1.0766667110    4.2778524043   -0.1222251910
   2.7740765024    2.3178524043   -1.1022251910
   2.4499000786    3.3155648468   -1.1022251910
   1.6011951829    3.9321850472   -1.1022251910
   0.5521382390    3.9321850472   -1.1022251910
   2.0566667110    2.3178524043   -1.8196349824
   1.5666667110    3.1665573000   -1.8196349824
   0.5866667110    3.1665573000   -1.8196349824
   1.0766667110    2.3178524043   -2.0822251910
  -0.9778592040    1.3282740982    1.9563531923
  -0.4528592040    2.2376007722    1.6750065403
  -2.0278592040    1.3282740982    1.6750065403
  -0.4528592040    0.4189474242    1.6750065403
  -0.4528592040    2.2376007722   -1.9623001556
  -0.4528592040    0.4189474242   -1.9623001556
  -0.9778592040    1.3282740982   -2.2436468077
  -0.6099191610    2.6175399618    1.5475072079
  -1.1349191610    3.5268666358    1.5475072079
  -1.9187405181    4.4176820410    0.7788538599
  -2.4045894238    4.5810740715   -0.2711461401
  -3.2317917322    4.0100975441   -0.2711461401
  -1.9187405181    4.4176820410   -1.3211461401
  -0.6099191610    2.6175399618   -2.0897994880
  -1.1349191610    3.5268666358   -2.0897994880
  -1.8150348942    0.2177600362    2.0002344074
  -0.7650348942    0.2177600362    1.7188877553
  -2.3400348942    1.1270867102    1.7188877553
  -0.7650348942    0.2177600362   -1.9184189406
  -2.3400348942    1.1270867102   -1.9184189406
  -2.3400348942   -0.6915666378   -1.9184189406
  -1.8150348942    0.2177600362   -2.1997655926
  -3.0052276271    0.3433276247    1.7952969076
  -3.4952276271    1.1920325204    1.5327066990
  -3.9852276271    0.3433276247    1.5327066990
  -3.4952276271   -0.5053772711    1.5327066990
  -4.3784609948    1.3410400671    0.8152969076
  -4.7026374185    0.3433276247    0.8152969076
  -4.3784609948   -0.6543848178    0.8152969076
  -3.9852276271    2.0407374161   -0.1647030924
  -4.7026374185    1.3233276247   -0.1647030924
  -4.9652276271    0.3433276247   -0.1647030924
  -4.7026374185   -0.6366723753   -0.1647030924
  -4.3784609948    1.3410400671   -1.1447030924
  -4.7026374185    0.3433276247   -1.1447030924
  -4.3784609948   -0.6543848178   -1.1447030924
  -3.4952276271    1.1920325204   -1.8621128839
  -3.9852276271    0.3433276247   -1.8621128839
  -3.4952276271   -0.5053772711   -1.8621128839
  -3.0052276271    0.3433276247   -2.1247030924
  -1.2353204985   -1.0200981321    2.1198942021
  -0.7103204985   -0.1107714581    1.8385475500
  -0.7103204985   -1.9294248061    1.8385475500
  -0.7103204985   -1.9294248061   -1.7987591459
  -1.2353204985   -1.0200981321   -2.0801057979
  -1.0549886820   -2.1898505141    1.8844972944
  -1.5799886820   -3.0991771880    1.8844972944
  -4.1439664986   -2.6924134091    0.0658439464
  -3.6768612532   -3.5824080964    0.0658439464
  -2.8496589448   -4.1533846237    0.0658439464
  -2.3638100391   -3.9899925932   -0.9841560536
  -1.0549886820   -2.1898505141   -1.7528094015
   3.4495693524    0.9636844918    2.6480230683
   4.4370485762    0.9636844918    2.3271716188
   3.7547172141    1.9028330423    2.3271716188
   2.6506818787    1.5441102165    2.3271716188
   2.6506818787    0.3832587671    2.3271716188
   3.7547172141    0.0245359412    2.3271716188
   5.0473442997    0.9636844918    1.4871716188
   4.6735359722    1.9907144310    1.4871716188
   3.7270200603    2.5371856475    1.4871716188
   2.6506818787    2.3473981858    1.4871716188
   1.9481520246    1.5101557083    1.4871716188
   4.6735359722    1.9907144310    0.4488745177
   3.7270200603    2.5371856475    0.4488745177
   5.2661584285   -0.4090471072    1.5849332013
   4.5838270664   -1.3481956578    1.5849332013
   5.8764541520   -0.4090471072    0.7449332013
   5.5026458244    0.6179828320    0.7449332013
   4.5561299126   -1.9825482630    0.7449332013
   5.5026458244   -1.4360770465    0.7449332013
   5.8764541520   -0.4090471072   -0.2933638998
   5.5026458244    0.6179828320   -0.2933638998
   4.5561299126   -1.9825482630   -0.2933638998
   5.5026458244   -1.4360770465   -0.2933638998
   5.2661584285   -0.4090471072   -1.1333638998
   4.5838270664   -1.3481956578   -1.1333638998
   3.8064156578    2.4074613843   -0.2628228949
   5.1267398972    0.8339602286   -1.3011199960
   4.7529315697    1.8609901678   -1.3011199960
   3.8064156578    2.4074613843   -1.3011199960
   2.7300774762    2.2176739225   -1.3011199960
   4.5164441737    0.8339602286   -2.1411199960
   3.8341128116    1.7731087791   -2.1411199960
   2.7300774762    1.4143859533   -2.1411199960
   2.7300774762    0.2535345038   -2.1411199960
   3.8341128116   -0.1051883220   -2.1411199960
   3.5289649499    0.8339602286   -2.4619714455
   3.9291149477   -2.4667271590    1.6781174749
   3.2467835856   -3.4058757095    1.6781174749
   4.5394106712   -2.4667271590    0.8381174749
   2.1427482502   -3.8504408530    0.8381174749
   3.2190864318   -4.0402283147    0.8381174749
   4.1656023437   -3.4937570982    0.8381174749
   4.5394106712   -2.4667271590   -0.2001796262
   3.2190864318   -4.0402283147   -0.2001796262
   4.1656023437   -3.4937570982   -0.2001796262
   3.9291149477   -2.4667271590   -1.0401796262
   3.2467835856   -3.4058757095   -1.0401796262
  -0.6031987408    4.3256020086    1.0648284110
   0.3156200172    4.4134833973    0.2248284110
  -0.6308958946    4.9599546138    0.2248284110
  -1.7072340762    4.7701671520    0.2248284110
   0.3156200172    4.4134833973   -0.8134686901
  -0.6308958946    4.9599546138   -0.8134686901
  -1.7072340762    4.7701671520   -0.8134686901
   0.0791326213    3.3864534580   -1.6534686901
  -0.6031987408    4.3256020086   -1.6534686901
  -3.7453019321    3.1827346972   -0.6609661616
  -3.7453019321    2.0897922642   -0.6609661616
  -1.9664338964    4.2097646364   -1.6992632627
  -3.0427720780    4.0199771746   -1.6992632627
  -3.7453019321    3.1827346972   -1.6992632627
  -3.7453019321    2.0897922642   -1.6992632627
  -1.2564053805    2.6362634807   -2.5392632627
  -1.9387367426    3.5754120312   -2.5392632627
  -3.0427720780    3.2166892054   -2.5392632627
  -3.0427720780    2.0558377560   -2.5392632627
  -1.9387367426    1.6971149301   -2.5392632627
  -2.2438846044    2.6362634807   -2.8601147121
  -2.3236864165    2.7671256409    2.2483044359
  -1.3362071926    2.7671256409    1.9274529865
  -2.0185385547    3.7062741914    1.9274529865
  -3.1225738902    3.3475513656    1.9274529865
  -3.1225738902    2.1866999162    1.9274529865
  -2.0185385547    1.8279770903    1.9274529865
  -2.0462357085    4.3406267966    1.0874529865
  -3.1225738902    4.1508393348    1.0874529865
  -3.8251037442    3.3135968574    1.0874529865
  -3.8251037442    2.2206544244    1.0874529865
  -3.1225738902    4.1508393348    0.0491558854
  -3.8251037442    3.3135968574    0.0491558854
  -3.8251037442    2.2206544244    0.0491558854
  -1.1760106692   -4.0013373076    1.5313176053
  -2.2800460047   -4.4459024510    0.6913176053
  -1.2037078231   -4.6356899128    0.6913176053
  -0.2571919112   -4.0892186963    0.6913176053
  -2.2800460047   -4.4459024510   -0.3469794958
  -1.2037078231   -4.6356899128   -0.3469794958
  -0.2571919112   -4.0892186963   -0.3469794958
  -0.4936793072   -3.0621887571   -1.1869794958
  -1.1760106692   -4.0013373076   -1.1869794958
  -4.1859217943   -1.7112950440   -0.3251560576
  -4.1859217943   -2.8042374770   -0.3251560576
  -4.1859217943   -1.7112950440   -1.3634531587
  -4.1859217943   -2.8042374770   -1.3634531587
  -3.4833919403   -3.6414799545   -1.3634531587
  -2.4070537586   -3.8312674163   -1.3634531587
  -1.6970252427   -2.2577662605   -2.2034531587
  -2.3793566048   -1.3186177100   -2.2034531587
  -3.4833919403   -1.6773405358   -2.2034531587
  -3.4833919403   -2.8381919852   -2.2034531587
  -2.3793566048   -3.1969148111   -2.2034531587
  -2.6845044666   -2.2577662605   -2.5243046082
  -2.7830093498   -2.1142461801    2.5842458735
  -1.7955301259   -2.1142461801    2.2633944241
  -2.4778614880   -1.1750976296    2.2633944241
  -3.5818968234   -1.5338204554    2.2633944241
  -3.5818968234   -2.6946719048    2.2633944241
  -2.4778614880   -3.0533947307    2.2633944241
  -3.5818968234   -0.7305324861    1.4233944241
  -4.2844266775   -1.5677749636    1.4233944241
  -4.2844266775   -2.6607173966    1.4233944241
  -3.5818968234   -3.4979598741    1.4233944241
  -4.2844266775   -1.5677749636    0.3850973230
  -4.2844266775   -2.6607173966    0.3850973230
   3.9651795580   -0.6287753038    2.2997036709
   5.5526303446    1.2882479961    0.6714286294
   5.5526303446    1.2882479961   -0.3966718536
   5.3209146290    0.2730351131   -1.3589971365
   3.9651795580   -0.6287753038   -2.0249468950
   2.2171829684   -0.5019975585    2.5391032093
   1.6965224815    0.3998128584    2.3014284923
   2.2171829684   -0.5019975585   -2.2608967907
   2.0903503239   -1.8219927944    2.6318598573
   3.1316712978   -1.8219927944    2.3941851403
   2.6110108109   -2.7238032113    2.3941851403
   3.9667458819   -1.8219927944   -1.2645156671
   3.1316712978   -1.8219927944   -1.9304654256
   2.6110108109   -2.7238032113   -1.9304654256
   2.0903503239   -1.8219927944   -2.1681401427
   0.8509963973   -2.2459351688    2.6066834952
  -0.1903245766   -2.2459351688    2.3690087782
   0.3303359104   -3.1477455857    2.3690087782
   1.3716568843   -3.1477455857    2.3690087782
  -0.3777813749   -3.6640203130    1.7030590197
   0.5839574669   -4.1032317255    1.7030590197
   1.6304792824   -3.9527646043    1.7030590197
   0.3303359104   -4.5270978103    0.7407337367
   1.3716568843   -4.5270978103    0.7407337367
   0.3303359104   -4.5270978103   -0.3273667463
   1.3716568843   -4.5270978103   -0.3273667463
  -0.3777813749   -3.6640203130   -1.2896920292
   0.5839574669   -4.1032317255   -1.2896920292
   1.6304792824   -3.9527646043   -1.2896920292
   0.3303359104   -3.1477455857   -1.9556417877
   1.3716568843   -3.1477455857   -1.9556417877
   0.8509963973   -2.2459351688   -2.1933165048
   0.1286396435   -1.1164529255    2.4890989342
  -0.3920208435   -0.2146425086    2.2514242172
  -0.3920208435   -2.0182633423    2.2514242172
  -0.3920208435   -2.0182633423   -2.0732263487
   0.1286396435   -1.1164529255   -2.3109010658
   0.9245936782   -0.0184596209    2.4437502743
   1.4452541651    0.8833507960    2.2060755573
  -0.1167272957   -0.0184596209   -2.1185750086
   1.4452541651   -0.9202700378   -2.1185750086
   0.9245936782   -0.0184596209   -2.3562497257
   0.4157067489    1.3150093900    2.3215640015
   1.4570277228    1.3150093900    2.0838892844
  -0.1049537381    2.2168198068    2.0838892844
   1.4570277228    1.3150093900   -2.2407612815
  -0.1049537381    2.2168198068   -2.2407612815
  -0.1049537381    0.4131989731   -2.2407612815
   0.4157067489    1.3150093900   -2.4784359985
   1.0766667110    2.3178524043    2.1177748090
   2.0485662866    2.3178524043    1.8959450731
   1.5626164988    3.1595421267    1.8959450731
   0.5907169231    3.1595421267    1.8959450731
   2.4935002125    3.3472421983    1.2743919652
   1.6178489522    3.9834400786    1.2743919652
   0.5354844698    3.9834400786    1.2743919652
   3.0103596905    3.3327327700    0.3762217011
   2.3172283886    4.1151162746    0.3762217011
   1.3398993568    4.4857682859    0.3762217011
   3.0103596905    3.3327327700   -0.6206720831
   2.3172283886    4.1151162746   -0.6206720831
   1.3398993568    4.4857682859   -0.6206720831
   2.4935002125    3.3472421983   -1.5188423472
   1.6178489522    3.9834400786   -1.5188423472
   0.5354844698    3.9834400786   -1.5188423472
   2.0485662866    2.3178524043   -2.1403954551
   1.5626164988    3.1595421267   -2.1403954551
   0.5907169231    3.1595421267   -2.1403954551
   1.0766667110    2.3178524043   -2.3622251910
  -0.9778592040    1.3282740982    2.2563531923
  -0.4571987171    2.2300845151    2.0186784753
  -2.0191801779    1.3282740982    2.0186784753
  -0.4571987171    0.4264636813    2.0186784753
  -0.4571987171    0.4264636813   -2.3059720906
  -0.9778592040    1.3282740982   -2.5436468077
  -0.6185981871    2.6175399618    1.8911791429
  -1.1392586741    3.5193503787    1.8911791429
  -2.1805796479    4.8987026033    0.2629041014
  -2.1805796479    4.8987026033   -0.8051963816
  -3.1187774269    4.4468903656   -0.8051963816
  -1.9269580914    4.4748365185   -1.7675216645
  -0.6185981871    2.6175399618   -2.4334714231
  -1.8150348942    0.2177600362    2.3002344074
  -0.7737139204    0.2177600362    2.0625596903
  -2.3356953812    1.1195704531    2.0625596903
  -0.7737139204    0.2177600362   -2.2620908756
  -2.3356953812   -0.6840503807   -2.2620908756
  -1.8150348942    0.2177600362   -2.4997655926
  -3.0052276271    0.3433276247    2.0752969076
  -3.4911774149    1.1850173471    1.8534671717
  -3.9771272027    0.3433276247    1.8534671717
  -3.4911774149   -0.4983620978    1.8534671717
  -4.4220611286    1.3727174186    1.2319140637
  -4.7565301478    0.3433276247    1.2319140637
  -4.4220611286   -0.6860621693    1.2319140637
  -4.6398542340    1.7914804314    0.3337437996
  -5.1256077719    0.8659543915    0.3337437996
  -5.1256077719   -0.1792991422    0.3337437996
  -4.6398542340   -1.1048251821    0.3337437996
  -4.6398542340    1.7914804314   -0.6631499845
  -5.1256077719    0.8659543915   -0.6631499845
  -5.1256077719   -0.1792991422   -0.6631499845
  -4.6398542340   -1.1048251821   -0.6631499845
  -4.4220611286    1.3727174186   -1.5613202486
  -4.7565301478    0.3433276247   -1.5613202486
  -4.4220611286   -0.6860621693   -1.5613202486
  -3.4911774149    1.1850173471   -2.1828733565
  -3.9771272027    0.3433276247   -2.1828733565
  -3.4911774149   -0.4983620978   -2.1828733565
  -3.0052276271    0.3433276247   -2.4047030924
  -1.2353204985   -1.0200981321    2.4198942021
  -0.7146600115   -0.1182877152    2.1822194850
  -0.7146600115   -1.9219085490   -2.1424310809
  -1.2353204985   -1.0200981321   -2.3801057979
  -1.0636677081   -2.1898505141    2.2281692294
  -1.5843281951   -3.0916609309    2.2281692294
  -2.3720276124   -4.0471470707    1.5622194709
  -3.5638469479   -4.0192009178    0.5998941879
  -3.5638469479   -4.0192009178   -0.4682062951
  -2.6256491690   -4.4710131555   -0.4682062951
  -1.0636677081   -2.1898505141   -2.0964813366
   3.4495693524    0.9636844918    2.8880230683
   4.4095693524    0.9636844918    2.6307918435
   3.9295693524    1.7950688794    2.6307918435
   2.9695693524    1.7950688794    2.6307918435
   2.4895693524    0.9636844918    2.6307918435
   2.9695693524    0.1323001042    2.6307918435
   3.9295693524    0.1323001042    2.6307918435
   5.1123381276    0.9636844918    1.9280230683
   4.7947775493    1.9410354559    1.9280230683
   3.9633931616    2.5450715706    1.9280230683
   2.9357455431    2.5450715706    1.9280230683
   2.1043611555    1.9410354559    1.9280230683
   5.1123381276    1.9236844918    0.9680230683
   4.4095693524    2.6264532671    0.9680230683
   3.4495693524    2.8836844918    0.9680230683
   5.2386792046   -0.4090471072    1.8885534261
   4.7586792046   -1.2404314949    1.8885534261
   5.9414479799   -0.4090471072    1.1857846508
   5.6238874015    0.5683038568    1.1857846508
   4.7925030139   -1.9904341860    1.1857846508
   5.6238874015   -1.3863980713    1.1857846508
   6.1986792046   -0.4090471072    0.2257846508
   5.9414479799    0.5509528928    0.2257846508
   5.2386792046   -2.0718158825    0.2257846508
   5.9414479799   -1.3690471072    0.2257846508
   5.9414479799   -0.4090471072   -0.7342153492
   4.7925030139   -1.9904341860   -0.7342153492
   5.6238874015   -1.3863980713   -0.7342153492
   5.2386792046   -0.4090471072   -1.4369841245
   4.7586792046   -1.2404314949   -1.4369841245
   5.1917337251    1.7939602286   -0.7819714455
   4.4889649499    2.4967290038   -0.7819714455
   3.5289649499    2.7539602286   -0.7819714455
   5.1917337251    0.8339602286   -1.7419714455
   4.8741731468    1.8113111926   -1.7419714455
   4.0427887591    2.4153473074   -1.7419714455
   3.0151411406    2.4153473074   -1.7419714455
   4.4889649499    0.8339602286   -2.4447402208
   4.0089649499    1.6653446162   -2.4447402208
   3.0489649499    1.6653446162   -2.4447402208
   2.5689649499    0.8339602286   -2.4447402208
   3.0489649499    0.0025758409   -2.4447402208
   4.0089649499    0.0025758409   -2.4447402208
   3.5289649499    0.8339602286   -2.7019714455
   3.9016357239   -2.4667271590    1.9817376996
   3.4216357239   -3.2981115466    1.9817376996
   4.6044044991   -2.4667271590    1.2789689243
   2.4278119146   -4.0481142378    1.2789689243
   3.4554595331   -4.0481142378    1.2789689243
   4.2868439208   -3.4440781231    1.2789689243
   4.8616357239   -2.4667271590    0.3189689243
   2.9416357239   -4.3867271590    0.3189689243
   3.9016357239   -4.1294959343    0.3189689243
   4.6044044991   -3.4267271590    0.3189689243
   4.6044044991   -2.4667271590   -0.6410310757
   2.4278119146   -4.0481142378   -0.6410310757
   3.4554595331   -4.0481142378   -0.6410310757
   4.2868439208   -3.4440781231   -0.6410310757
   3.9016357239   -2.4667271590   -1.3437998510
   3.4216357239   -3.2981115466   -1.3437998510
  -0.4283466025    4.2178378457    1.3684486357
   0.4368615944    4.3638044221    0.6656798605
  -0.3945227933    4.9678405369    0.6656798605
  -1.4221704118    4.9678405369    0.6656798605
   0.0516533975    5.0492222333   -0.2943201395
  -0.9083466025    5.3064534580   -0.2943201395
  -1.8683466025    5.0492222333   -0.2943201395
   0.4368615944    4.3638044221   -1.2543201395
  -0.3945227933    4.9678405369   -1.2543201395
  -1.4221704118    4.9678405369   -1.2543201395
   0.0516533975    3.3864534580   -1.9570889148
  -0.4283466025    4.2178378457   -1.9570889148
  -3.2038846044    4.2990322559   -1.1801147121
  -3.9066533796    3.5962634807   -1.1801147121
  -4.1638846044    2.6362634807   -1.1801147121
  -1.7300607951    4.2176505595   -2.1401147121
  -2.7577084136    4.2176505595   -2.1401147121
  -3.5890928013    3.6136144448   -2.1401147121
  -3.9066533796    2.6362634807   -2.1401147121
  -3.5890928013    1.6589125166   -2.1401147121
  -1.2838846044    2.6362634807   -2.8428834874
  -1.7638846044    3.4676478683   -2.8428834874
  -2.7238846044    3.4676478683   -2.8428834874
  -3.2038846044    2.6362634807   -2.8428834874
  -2.7238846044    1.8048790930   -2.8428834874
  -1.7638846044    1.8048790930   -2.8428834874
  -2.2438846044    2.6362634807   -3.1001147121
  -2.3236864165    2.7671256409    2.4883044359
  -1.3636864165    2.7671256409    2.2310732112
  -1.8436864165    3.5985100285    2.2310732112
  -2.8036864165    3.5985100285    2.2310732112
  -3.2836864165    2.7671256409    2.2310732112
  -2.8036864165    1.9357412532    2.2310732112
  -1.8436864165    1.9357412532    2.2310732112
  -1.8098626072    4.3485127197    1.5283044359
  -2.8375102258    4.3485127197    1.5283044359
  -3.6688946134    3.7444766050    1.5283044359
  -3.9864551917    2.7671256409    1.5283044359
  -3.6688946134    1.7897746768    1.5283044359
  -3.2836864165    4.4298944161    0.5683044359
  -3.9864551917    3.7271256409    0.5683044359
  -4.2436864165    2.7671256409    0.5683044359
  -1.9611585310   -3.8935731447    1.8349378301
  -1.0011585310   -3.8935731447    1.8349378301
  -1.9949823403   -4.6435758359    1.1321690548
  -0.9673347217   -4.6435758359    1.1321690548
  -2.4411585310   -4.7249575324    0.1721690548
  -1.4811585310   -4.9821887571    0.1721690548
  -0.5211585310   -4.7249575324    0.1721690548
  -1.9949823403   -4.6435758359   -0.7878309452
  -0.9673347217   -4.6435758359   -0.7878309452
  -1.0011585310   -3.8935731447   -1.4905997205
  -4.6045044666   -2.2577662605   -0.8443046082
  -4.3472732418   -3.2177662605   -0.8443046082
  -3.6445044666   -3.9205350358   -0.8443046082
  -4.0297126635   -1.2804152964   -1.8043046082
  -4.3472732418   -2.2577662605   -1.8043046082
  -4.0297126635   -3.2351172246   -1.8043046082
  -3.1983282758   -3.8391533393   -1.8043046082
  -2.1706806573   -3.8391533393   -1.8043046082
  -1.7245044666   -2.2577662605   -2.5070733834
  -2.2045044666   -1.4263818729   -2.5070733834
  -3.1645044666   -1.4263818729   -2.5070733834
  -3.6445044666   -2.2577662605   -2.5070733834
  -3.1645044666   -3.0891506481   -2.5070733834
  -2.2045044666   -3.0891506481   -2.5070733834
  -2.6845044666   -2.2577662605   -2.7643046082
  -2.7830093498   -2.1142461801    2.8242458735
  -1.8230093498   -2.1142461801    2.5670146488
  -2.3030093498   -1.2828617925    2.5670146488
  -3.2630093498   -1.2828617925    2.5670146488
  -3.7430093498   -2.1142461801    2.5670146488
  -3.2630093498   -2.9456305677    2.5670146488
  -2.3030093498   -2.9456305677    2.5670146488
  -4.1282175467   -1.1368952160    1.8642458735
  -4.4457781250   -2.1142461801    1.8642458735
  -4.1282175467   -3.0915971442    1.8642458735
  -3.2968331590   -3.6956332589    1.8642458735
  -4.4457781250   -1.1542461801    0.9042458735
  -4.7030093498   -2.1142461801    0.9042458735
  -4.4457781250   -3.0742461801    0.9042458735
  -3.7430093498   -3.7770149554    0.9042458735
   3.9611417047   -0.6217815368    2.6318531257
   5.3537073802    0.2730351131    2.0465666971
   5.6919631515    1.3553471395    1.1706236553
   5.9389938088    1.3062803805    0.1373783879
   5.3537073802    2.1822234223    0.1373783879
   4.4777643384    2.7675098509    0.1373783879
   5.6919631515    1.3553471395   -0.8958668795
   4.2376245573   -1.4636236581   -1.7718099213
   5.0506304810   -0.7591500151   -1.7718099213
   3.9611417047   -0.6217815368   -2.3570963499
   2.2171829684   -0.5019975585    2.8391032093
   1.7005603347    0.3928190914    2.6335779471
   2.2171829684   -0.5019975585   -2.5608967907
   2.0903503239   -1.8219927944    2.9318598573
   3.1235955913   -1.8219927944    2.7263345951
   2.6069729576   -2.7168094443    2.7263345951
   3.9995386331   -1.8219927944    2.1410481666
   3.9995386331   -1.8219927944   -1.6773284519
   2.8834558102   -3.5586515656   -1.6773284519
   3.6964617339   -2.8541779226   -1.6773284519
   3.1235955913   -1.8219927944   -2.2626148804
   2.6069729576   -2.7168094443   -2.2626148804
   2.0903503239   -1.8219927944   -2.4681401427
   0.8509963973   -2.2459351688    2.9066834952
  -0.1822488701   -2.2459351688    2.7011582330
   0.3343737636   -3.1407518187    2.7011582330
   1.3676190310   -3.1407518187    2.7011582330
  -0.3992560601   -3.6888034209    2.1158718044
   0.5792905719   -4.1356906939    2.1158718044
   1.6441018836   -3.9825939400    2.1158718044
   0.2959235489   -4.6778682169    1.2399287626
   1.4060692457   -4.6778682169    1.2399287626
   0.8509963973   -4.9459351688    0.2066834952
   1.8842416647   -4.7404099066    0.2066834952
   0.2959235489   -4.6778682169   -0.8265617722
   1.4060692457   -4.6778682169   -0.8265617722
  -0.3992560601   -3.6888034209   -1.7025048140
   0.5792905719   -4.1356906939   -1.7025048140
   1.6441018836   -3.9825939400   -1.7025048140
   0.3343737636   -3.1407518187   -2.2877912425
   1.3676190310   -3.1407518187   -2.2877912425
   0.8509963973   -2.2459351688   -2.4933165048
   0.1286396435   -1.1164529255    2.7890989342
  -0.3879829902   -0.2216362756    2.5835736720
  -0.3879829902   -2.0112695754   -2.4053758035
   0.1286396435   -1.1164529255   -2.6109010658
   0.9245936782   -0.0184596209    2.7437502743
   1.4412163119    0.8763570290    2.5382250121
  -0.1086515892   -0.0184596209   -2.4507244635
   1.4412163119   -0.9132762708   -2.4507244635
   0.9245936782   -0.0184596209   -2.6562497257
   0.4157067489    1.3150093900    2.6215640015
   1.4489520163    1.3150093900    2.4160387392
   0.9323293826    2.2098260399    2.4160387392
  -0.1009158848    2.2098260399    2.4160387392
   1.4489520163    1.3150093900   -2.5729107363
  -0.1009158848    2.2098260399   -2.5729107363
  -0.1009158848    0.4201927401   -2.5729107363
   0.4157067489    1.3150093900   -2.7784359985
   1.0766667110    2.3178524043    2.3977748090
   2.1700537335    2.3178524043    2.1482163561
   1.6233602222    3.2647533420    2.1482163561
   0.5299731997    3.2647533420    2.1482163561
   2.7341173227    3.3830312340    1.4489691097
   1.8951237403    4.1100233115    1.4489691097
   0.7962758341    4.2680137888    1.4489691097
   3.2901835482    3.3838259314    0.4385275626
   2.6084678902    4.2386703282    0.4385275626
   1.6233602222    4.7130731778    0.4385275626
   3.2901835482    3.3838259314   -0.6829779446
   2.6084678902    4.2386703282   -0.6829779446
   1.6233602222    4.7130731778   -0.6829779446
   2.7341173227    3.3830312340   -1.6934194917
   1.8951237403    4.1100233115   -1.6934194917
   0.7962758341    4.2680137888   -1.6934194917
   2.1700537335    2.3178524043   -2.3926667381
   1.6233602222    3.2647533420   -2.3926667381
   0.5299731997    3.2647533420   -2.3926667381
   1.0766667110    2.3178524043   -2.6422251910
  -0.9778592040    1.3282740982    2.5563531923
  -0.4612365703    2.2230907481    2.3508279301
  -0.4612365703    0.4334574483    2.3508279301
  -0.4612365703    0.4334574483   -2.6381215454
  -0.9778592040    1.3282740982   -2.8436468077
  -0.6266738936    2.6175399618    2.2233285977
  -1.1432965273    3.5123566117    2.2233285977
  -0.8668136747    4.3541987330    1.6380421691
  -2.2149920094    5.0494730099    0.7620991273
  -2.6931644284    5.1120146996   -0.2711461401
  -3.5691074702    4.5267282710   -0.2711461401
  -4.1543938988    3.6507852292   -0.2711461401
  -4.3599191610    2.6175399618   -0.2711461401
  -2.2149920094    5.0494730099   -1.3043914075
  -3.2151987210    4.5677988441   -1.3043914075
  -0.6266738936    2.6175399618   -2.7656208779
  -1.8150348942    0.2177600362    2.6002344074
  -0.7817896269    0.2177600362    2.3947091452
  -2.3316575279    1.1125766861    2.3947091452
  -2.8482801616    0.2177600362    2.3947091452
  -2.3316575279   -0.6770566137   -2.5942403304
  -1.8150348942    0.2177600362   -2.7997655926
  -3.0052276271    0.3433276247    2.3552969076
  -3.5519211384    1.2902285624    2.1057384547
  -4.0986146497    0.3433276247    2.1057384547
  -4.2954442879    1.8323170261    1.4064912083
  -4.8956353983    0.8984014287    1.4064912083
  -4.8956353983   -0.2117461794    1.4064912083
  -4.5370288063    2.2641455486    0.3960496611
  -5.2187444643    1.4093011518    0.3960496611
  -5.4620459658    0.3433276247    0.3960496611
  -5.2187444643   -0.7226459025    0.3960496611
  -4.5370288063    2.2641455486   -0.7254558460
  -5.2187444643    1.4093011518   -0.7254558460
  -5.4620459658    0.3433276247   -0.7254558460
  -5.2187444643   -0.7226459025   -0.7254558460
  -4.2954442879    1.8323170261   -1.7358973931
  -4.8956353983    0.8984014287   -1.7358973931
  -4.8956353983   -0.2117461794   -1.7358973931
  -3.5519211384    1.2902285624   -2.4351446395
  -4.0986146497    0.3433276247   -2.4351446395
  -3.5519211384   -0.6035733131   -2.4351446395
  -3.0052276271    0.3433276247   -2.6847030924
  -1.2353204985   -1.0200981321    2.7198942021
  -0.7186978648   -0.1252814822    2.5143689399
  -0.7186978648   -1.9149147820   -2.4745805357
  -1.2353204985   -1.0200981321   -2.6801057979
  -1.0717434146   -2.1898505141    2.5603186842
  -1.5883660483   -3.0846671640    2.5603186842
  -2.3766945075   -4.0796060391    1.9750322556
  -3.6602682420   -4.1401093963    1.0990892138
  -2.6600615304   -4.6217835622    1.0990892138
  -4.8049886820   -2.1898505141    0.0658439464
  -4.5994634198   -3.2230957814    0.0658439464
  -4.0141769912   -4.0990388233    0.0658439464
  -3.1382339494   -4.6843252518    0.0658439464
  -2.6600615304   -4.6217835622   -0.9674013210
  -1.3118831957   -3.9265092853   -1.8433443628
  -1.0717434146   -2.1898505141   -2.4286307914
   3.4495693524    0.9636844918    3.1280230683
   4.5295693524    0.9636844918    2.8386379405
   3.9895693524    1.8989919279    2.8386379405
   2.9095693524    1.8989919279    2.8386379405
   2.3695693524    0.9636844918    2.8386379405
   2.9095693524    0.0283770557    2.8386379405
   3.9895693524    0.0283770557    2.8386379405
   5.3201842245    0.9636844918    2.0480230683
   5.0232307222    1.9750152454    2.0480230683
   4.2266508538    2.6652556305    2.0480230683
   3.1833530994    2.8152592018    2.0480230683
   4.6765892053    2.7413296421    0.9680230683
   3.7099285817    3.1079356598    0.9680230683
   5.3586792046   -0.4090471072    2.0963995230
   4.8186792046   -1.3443545433    2.0963995230
   6.1492940768   -0.4090471072    1.3057846508
   5.0557607061   -2.1106182460    1.3057846508
   5.8523405744   -1.4203778609    1.3057846508
   6.4386792046   -0.4090471072    0.2257846508
   6.1912642200    0.5947549444    0.2257846508
   5.5056990576   -2.1866922576    0.2257846508
   6.1912642200   -1.4128491588    0.2257846508
   6.1492940768   -0.4090471072   -0.8542153492
   5.0557607061   -2.1106182460   -0.8542153492
   5.8523405744   -1.4203778609   -0.8542153492
   5.3586792046   -0.4090471072   -1.6448302214
   4.8186792046   -1.3443545433   -1.6448302214
   4.7559848028    2.6116053789   -0.7819714455
   3.7893241792    2.9782113966   -0.7819714455
   5.3995798220    0.8339602286   -1.8619714455
   5.1026263196    1.8452909822   -1.8619714455
   4.3060464513    2.5355313673   -1.8619714455
   3.2627486969    2.6855349385   -1.8619714455
   4.6089649499    0.8339602286   -2.6525863177
   4.0689649499    1.7692676646   -2.6525863177
   2.9889649499    1.7692676646   -2.6525863177
   2.4489649499    0.8339602286   -2.6525863177
   2.9889649499   -0.1013472075   -2.6525863177
   4.0689649499   -0.1013472075   -2.6525863177
   3.5289649499    0.8339602286   -2.9419714455
   4.0216357239   -2.4667271590    2.1895837965
   3.4816357239   -3.4020345951    2.1895837965
   4.8122505960   -2.4667271590    1.3989689243
   2.6754194709   -4.3183018690    1.3989689243
   3.7187172253   -4.1682982977    1.3989689243
   4.5152970937   -3.4780579126    1.3989689243
   5.1016357239   -2.4667271590    0.3189689243
   3.2019949532   -4.6109783270    0.3189689243
   4.1686555768   -4.2443723093    0.3189689243
   4.8542207393   -3.4705292106    0.3189689243
   4.8122505960   -2.4667271590   -0.7610310757
   2.6754194709   -4.3183018690   -0.7610310757
   3.7187172253   -4.1682982977   -0.7610310757
   4.5152970937   -3.4780579126   -0.7610310757
   4.0216357239   -2.4667271590   -1.5516459479
   3.4816357239   -3.4020345951   -1.5516459479
  -0.3683466025    4.3217608941    1.5762947326
  -0.1312651011    5.0880245968    0.7856798605
  -1.1745628556    5.2380281680    0.7856798605
   0.3186732504    5.1640986084   -0.2943201395
  -0.6479873732    5.5307046261   -0.2943201395
  -1.6742931586    5.4060885422   -0.2943201395
  -0.1312651011    5.0880245968   -1.3743201395
  -1.1745628556    5.2380281680   -1.3743201395
  -0.3683466025    4.3217608941   -2.1649350117
  -3.8606678204    4.0686084225   -1.1801147121
  -4.3411189300    3.1531853155   -1.1801147121
  -2.5101008574    4.4878381907   -2.2601147121
  -3.4688768325    4.0499798741   -2.2601147121
  -4.0387264305    3.1632765915   -2.2601147121
  -4.0387264305    2.1092503699   -2.2601147121
  -1.1638846044    2.6362634807   -3.0507295843
  -1.7038846044    3.5715709168   -3.0507295843
  -2.7838846044    3.5715709168   -3.0507295843
  -3.3238846044    2.6362634807   -3.0507295843
  -2.7838846044    1.7009560446   -3.0507295843
  -1.7038846044    1.7009560446   -3.0507295843
  -2.2438846044    2.6362634807   -3.3401147121
  -2.3236864165    2.7671256409    2.7283044359
  -1.2436864165    2.7671256409    2.4389193081
  -1.7836864165    3.7024330770    2.4389193081
  -2.8636864165    3.7024330770    2.4389193081
  -3.4036864165    2.7671256409    2.4389193081
  -2.8636864165    1.8318182048    2.4389193081
  -1.7836864165    1.8318182048    2.4389193081
  -2.5899026695    4.6187003509    1.6483044359
  -3.5486786446    4.1808420343    1.6483044359
  -4.1185282427    3.2941387517    1.6483044359
  -4.1185282427    2.2401125301    1.6483044359
  -3.0896329725    4.7867607251    0.5683044359
  -3.9404696325    4.1994705827    0.5683044359
  -4.4209207421    3.2840474757    0.5683044359
  -0.9411585310   -3.9974961932    2.0427839270
  -1.7473747840   -4.9137634671    1.2521690548
  -0.7040770296   -4.7637598958    1.2521690548
  -2.2471050870   -5.0818238413    0.1721690548
  -1.2207993017   -5.2064399251    0.1721690548
  -0.2541386781   -4.8398339074    0.1721690548
  -1.7473747840   -4.9137634671   -0.9078309452
  -0.7040770296   -4.7637598958   -0.9078309452
  -0.9411585310   -3.9974961932   -1.6984458174
  -4.7817387922   -1.7408444257   -0.8443046082
  -4.7817387922   -2.7746880954   -0.8443046082
  -4.3012876826   -3.6901112023   -0.8443046082
  -4.4793462928   -1.7307531497   -1.9243046082
  -4.4793462928   -2.7847793713   -1.9243046082
  -3.9094966947   -3.6714826539   -1.9243046082
  -2.9507207196   -4.1093409705   -1.9243046082
  -1.6045044666   -2.2577662605   -2.7149194803
  -2.1445044666   -1.3224588244   -2.7149194803
  -3.2245044666   -1.3224588244   -2.7149194803
  -3.7645044666   -2.2577662605   -2.7149194803
  -3.2245044666   -3.1930736966   -2.7149194803
  -2.1445044666   -3.1930736966   -2.7149194803
  -2.6845044666   -2.2577662605   -3.0043046082
  -2.7830093498   -2.1142461801    3.0642458735
  -1.7030093498   -2.1142461801    2.7748607457
  -2.2430093498   -1.1789387440    2.7748607457
  -3.3230093498   -1.1789387440    2.7748607457
  -3.8630093498   -2.1142461801    2.7748607457
  -3.3230093498   -3.0495536162    2.7748607457
  -2.2430093498   -3.0495536162    2.7748607457
  -4.0080015779   -0.7005297867    1.9842458735
  -4.5778511759   -1.5872330693    1.9842458735
  -4.5778511759   -2.6412592909    1.9842458735
  -4.0080015779   -3.5279625735    1.9842458735
  -3.0492256028   -3.9658208901    1.9842458735
  -4.8802436754   -1.5973243452    0.9042458735
  -4.8802436754   -2.6311680150    0.9042458735
  -4.3997925658   -3.5465911219    0.9042458735
   3.9575492860   -0.6155592851    2.9564562503
   5.3728819001    0.2730351131    2.4355117173
   4.2455899407   -1.4810654149    2.4355117173
   5.8179797925    1.3297679098    1.6373783879
   6.1994367140    1.3402958938    0.6583229209
   5.6278642047    2.2634171922    0.6583229209
   6.1994367140    1.3402958938   -0.3835661451
   5.6278642047    2.2634171922   -0.3835661451
   4.7614188368    2.9177263617   -0.3835661451
   3.7171188583    3.2148553234   -0.3835661451
   6.0425952824    0.2730351131   -1.3626216121
   5.8179797925    1.3297679098   -1.3626216121
   4.2455899407   -1.4810654149   -2.1607549414
   5.0667611136   -0.7695165432   -2.1607549414
   3.9575492860   -0.6155592851   -2.6816994744
   2.2171829684   -0.5019975585    3.1391032093
   1.7041527534    0.3865968397    2.9581810717
   2.7302131834   -1.3905919567   -2.6799746530
   2.2171829684   -0.5019975585   -2.8608967907
   2.0903503239   -1.8219927944    3.2318598573
   3.1164107539   -1.8219927944    3.0509377197
   1.5773201089   -0.9333983962    3.0509377197
   2.6033805389   -2.7105871926    3.0509377197
   4.0187131530   -1.8219927944    2.5299931867
   2.8914211936   -3.5760933224    2.5299931867
   2.8932000259   -4.2929101051   -1.2681401427
   4.0187131530   -1.8219927944   -2.0662734720
   2.8914211936   -3.5760933224   -2.0662734720
   3.7125923665   -2.8645444507   -2.0662734720
   3.1164107539   -1.8219927944   -2.5872180050
   2.6033805389   -2.7105871926   -2.5872180050
   2.0903503239   -1.8219927944   -2.7681401427
   0.8509963973   -2.2459351688    3.2066834952
  -0.1750640327   -2.2459351688    3.0257613576
   0.3379661823   -3.1345295670    3.0257613576
   1.3640266123   -3.1345295670    3.0257613576
  -0.4118127002   -3.7032945561    2.5048168246
   0.5765617532   -4.1546700448    2.5048168246
   1.6520672670   -4.0000356968    2.5048168246
   0.5794234835   -4.8297788468    1.7066834952
   1.6538460993   -4.7168524795    1.7066834952
   0.0424800943   -5.0875752202    0.7276280282
   1.1235961846   -5.1877553791    0.7276280282
   2.1678961631   -4.8906264174    0.7276280282
   0.0424800943   -5.0875752202   -0.3142610378
   1.1235961846   -5.1877553791   -0.3142610378
   2.1678961631   -4.8906264174   -0.3142610378
   0.5794234835   -4.8297788468   -1.2933165048
   1.6538460993   -4.7168524795   -1.2933165048
  -0.4118127002   -3.7032945561   -2.0914498341
   0.5765617532   -4.1546700448   -2.0914498341
   1.6520672670   -4.0000356968   -2.0914498341
   0.3379661823   -3.1345295670   -2.6123943671
   1.3640266123   -3.1345295670   -2.6123943671
   0.8509963973   -2.2459351688   -2.7933165048
   0.1286396435   -1.1164529255    3.0890989342
  -0.3843905715   -0.2278585273    2.9081767966
  -0.3843905715   -2.0050473236   -2.7299789281
   0.1286396435   -1.1164529255   -2.9109010658
   0.9245936782   -0.0184596209    3.0437502743
   1.4376238931    0.8701347773    2.8628281367
  -0.1014667518   -0.0184596209   -2.7753275880
   1.4376238931   -0.9070540191   -2.7753275880
   0.9245936782   -0.0184596209   -2.9562497257
   0.4157067489    1.3150093900    2.9215640015
   1.4417671788    1.3150093900    2.7406418638
   0.9287369639    2.2036037881    2.7406418638
  -0.0973234661    2.2036037881    2.7406418638
   1.4417671788    1.3150093900   -2.8975138609
  -0.0973234661    2.2036037881   -2.8975138609
  -0.0973234661    0.4264149918   -2.8975138609
   0.4157067489    1.3150093900   -3.0784359985
   1.0766667110    2.3178524043    2.6777748090
   2.1481803216    2.3178524043    2.4646375000
   1.6124235163    3.2458104116    2.4646375000
   0.5409099056    3.2458104116    2.4646375000
   2.7913095309    3.3078018979    1.8576737963
   2.0666162046    4.0324952242    1.8576737963
   1.0766667110    4.2977513916    1.8576737963
   0.0867172173    4.0324952242    1.8576737963
   3.4398833719    3.3700242513    0.9492884196
   2.8076157120    4.2402660273    0.9492884196
   1.8760512446    4.7781050233    0.9492884196
   0.8062659292    4.8905439908    0.9492884196
   3.6875889533    3.3293290696   -0.1222251910
   3.1458916792    4.2042002065   -0.1222251910
   2.3247341071    4.8243096201   -0.1222251910
   1.3350181175    5.1059080979   -0.1222251910
   3.4398833719    3.3700242513   -1.1937388016
   2.8076157120    4.2402660273   -1.1937388016
   1.8760512446    4.7781050233   -1.1937388016
   0.8062659292    4.8905439908   -1.1937388016
   2.7913095309    3.3078018979   -2.1021241783
   2.0666162046    4.0324952242   -2.1021241783
   1.0766667110    4.2977513916   -2.1021241783
   2.1481803216    2.3178524043   -2.7090878820
   1.6124235163    3.2458104116   -2.7090878820
   0.5409099056    3.2458104116   -2.7090878820
   1.0766667110    2.3178524043   -2.9222251910
  -0.9778592040    1.3282740982    2.8563531923
  -0.4648289890    2.2168684964    2.6754310547
  -0.4648289890    0.4396797000    2.6754310547
  -0.4648289890    0.4396797000   -2.9627246700
  -0.9778592040    1.3282740982   -3.1436468077
  -0.6338587310    2.6175399618    2.5479317223
  -1.1468889460    3.5061343600    2.5479317223
  -0.8588482913    4.3716404898    2.0269871893
  -1.9314920748    5.2013836399    1.2288538599
  -2.4684354640    5.4591800132    0.2497983929
  -3.4403569474    4.9752206192    0.2497983929
  -2.4684354640    5.4591800132   -0.7920906731
  -3.4403569474    4.9752206192   -0.7920906731
  -4.1718204420    4.1728433881   -0.7920906731
  -4.5640377497    3.1604138111   -0.7920906731
  -1.9314920748    5.2013836399   -1.7711461401
  -2.9589572667    4.8675399618   -1.7711461401
  -0.0376771185    3.6600916181   -2.5692794694
  -0.8588482913    4.3716404898   -2.5692794694
  -0.6338587310    2.6175399618   -3.0902240024
  -1.8150348942    0.2177600362    2.9002344074
  -0.7889744643    0.2177600362    2.7193122697
  -2.3280651092    1.1063544344    2.7193122697
  -2.8410953242    0.2177600362    2.7193122697
  -2.3280651092   -0.6708343620   -2.9188434550
  -1.8150348942    0.2177600362   -3.0997655926
  -3.5409844324    1.2712856320    2.4221595986
  -4.0767412377    0.3433276247    2.4221595986
  -4.7198704470    1.3332771183    1.8151958949
  -4.9851266144    0.3433276247    1.8151958949
  -4.7198704470   -0.6466218690    1.8151958949
  -5.0980435062    1.8638473641    0.9068105182
  -5.5355611617    0.8811666207    0.9068105182
  -5.5355611617   -0.1945113714    0.9068105182
  -5.0980435062   -1.1771921148    0.9068105182
  -4.6926046089    2.5777758610   -0.1647030924
  -5.3858356071    1.8173376807   -0.1647030924
  -5.7575523062    0.8578262745   -0.1647030924
  -5.7575523062   -0.1711710252   -0.1647030924
  -5.3858356071   -1.1306824314   -0.1647030924
  -5.0980435062    1.8638473641   -1.2362167031
  -5.5355611617    0.8811666207   -1.2362167031
  -5.5355611617   -0.1945113714   -1.2362167031
  -5.0980435062   -1.1771921148   -1.2362167031
  -4.7198704470    1.3332771183   -2.1446020798
  -4.9851266144    0.3433276247   -2.1446020798
  -4.7198704470   -0.6466218690   -2.1446020798
  -3.5409844324    1.2712856320   -2.7515657835
  -4.0767412377    0.3433276247   -2.7515657835
  -3.5409844324   -0.5846303826   -2.7515657835
  -3.0052276271    0.3433276247   -2.9647030924
  -1.2353204985   -1.0200981321    3.0198942021
  -0.7222902835   -0.1315037339    2.8389720644
  -0.7222902835   -1.9086925303   -2.7991836603
  -1.2353204985   -1.0200981321   -2.9801057979
  -1.0789282520   -2.1898505141    2.8849218088
  -1.5919584670   -3.0784449122    2.8849218088
  -2.3794233262   -4.0985853900    2.3639772758
  -3.4040267877   -4.4398505141    1.5658439464
  -4.6168899631   -3.7451539404    0.5867884794
  -3.8854264684   -4.5475311715    0.5867884794
  -2.9135049850   -5.0314905654    0.5867884794
  -5.0091072707   -1.6469766648   -0.4551005866
  -5.0091072707   -2.7327243633   -0.4551005866
  -4.6168899631   -3.7451539404   -0.4551005866
  -3.8854264684   -4.5475311715   -0.4551005866
  -2.9135049850   -5.0314905654   -0.4551005866
  -2.3765615958   -4.7736941921   -1.4341560536
  -1.3039178123   -3.9439510420   -2.2322893830
  -1.0789282520   -2.1898505141   -2.7532339160
   3.4495693524    0.9636844918    3.3680230683
   4.4908903263    0.9636844918    3.1303483512
   3.9702298393    1.8654949087    3.1303483512
   2.9289088654    1.8654949087    3.1303483512
   2.4082483785    0.9636844918    3.1303483512
   2.9289088654    0.0618740749    3.1303483512
   3.9702298393    0.0618740749    3.1303483512
   5.3259649103    0.9636844918    2.4643985927
   5.0280937445    1.9781405201    2.4643985927
   4.2290522375    2.6705139272    2.4643985927
   3.1825304220    2.8209810485    2.4643985927
   2.2207915801    2.3817696360    2.4643985927
   5.5576806260    1.9788973748    1.5020733098
   4.9084276183    2.7930348955    1.5020733098
   3.9702298393    3.2448471333    1.5020733098
   3.9702298393    3.2448471333    0.4339728268
   5.3200001785   -0.4090471072    2.3881099338
   4.7993396916   -1.3108575241    2.3881099338
   6.1550747625   -0.4090471072    1.7221601753
   5.0581620897   -2.1158765427    1.7221601753
   5.8572035967   -1.4235031355    1.7221601753
   6.6185061939   -0.4090471072    0.7598348923
   6.3867904782    0.6061657757    0.7598348923
   5.7375374705   -2.2383975109    0.7598348923
   6.3867904782   -1.4242599902    0.7598348923
   6.6185061939   -0.4090471072   -0.3082655907
   5.7375374705   -2.2383975109   -0.3082655907
   6.3867904782   -1.4242599902   -0.3082655907
   6.1550747625   -0.4090471072   -1.2705908737
   5.0581620897   -2.1158765427   -1.2705908737
   5.8572035967   -1.4235031355   -1.2705908737
   5.6370762234    1.8491731115   -1.3160216870
   4.9878232158    2.6633106323   -1.3160216870
   4.0496254368    3.1151228700   -1.3160216870
   5.4053605078    0.8339602286   -2.2783469700
   5.1074893420    1.8484162569   -2.2783469700
   4.3084478350    2.5407896640   -2.2783469700
   3.2619260195    2.6912567852   -2.2783469700
   4.5702859237    0.8339602286   -2.9442967285
   4.0496254368    1.7357706454   -2.9442967285
   3.0083044629    1.7357706454   -2.9442967285
   2.4876439760    0.8339602286   -2.9442967285
   3.0083044629   -0.0678501883   -2.9442967285
   4.0496254368   -0.0678501883   -2.9442967285
   3.5289649499    0.8339602286   -3.1819714455
   3.9829566978   -2.4667271590    2.4812942073
   3.4622962108   -3.3685375759    2.4812942073
   4.8180312818   -2.4667271590    1.8153444488
   2.6745967935   -4.3240237157    1.8153444488
   3.7211186090   -4.1735565944    1.8153444488
   4.5201601160   -3.4811831873    1.8153444488
   2.4209752369   -4.7478898005    0.8530191658
   3.4622962108   -4.7478898005    0.8530191658
   4.4004939898   -4.2960775627    0.8530191658
   5.0497469975   -3.4819400420    0.8530191658
   3.4622962108   -4.7478898005   -0.2150813172
   4.4004939898   -4.2960775627   -0.2150813172
   5.0497469975   -3.4819400420   -0.2150813172
   4.8180312818   -2.4667271590   -1.1774066002
   3.7211186090   -4.1735565944   -1.1774066002
   4.5201601160   -3.4811831873   -1.1774066002
  -0.1288637175    5.0932828935    1.2020553849
  -1.1753855329    5.2437500147    1.2020553849
   0.5505116634    5.2158038618    0.2397301020
  -0.3876861156    5.6676160995    0.2397301020
  -1.4290070895    5.6676160995    0.2397301020
   0.5505116634    5.2158038618   -0.8283703810
  -0.3876861156    5.6676160995   -0.8283703810
  -1.4290070895    5.6676160995   -0.8283703810
  -0.1288637175    5.0932828935   -1.7906956640
  -1.1753855329    5.2437500147   -1.7906956640
  -0.3876861156    4.2882638749   -2.4566454225
  -3.7027428703    4.4656138844   -1.7141649536
  -4.3519958779    3.6514763637   -1.7141649536
  -4.5837115936    2.6362634807   -1.7141649536
  -2.5109235347    4.4935600374   -2.6764902366
  -3.4726623766    4.0543486249   -2.6764902366
  -4.0442729579    3.1649051989   -2.6764902366
  -4.0442729579    2.1076217625   -2.6764902366
  -1.2025636305    2.6362634807   -3.3424399951
  -1.7232241174    3.5380738976   -3.3424399951
  -2.7645450913    3.5380738976   -3.3424399951
  -3.2852055782    2.6362634807   -3.3424399951
  -2.7645450913    1.7344530638   -3.3424399951
  -1.7232241174    1.7344530638   -3.3424399951
  -2.2438846044    2.6362634807   -3.5801147121
  -2.3236864165    2.7671256409    2.9683044359
  -1.2823654426    2.7671256409    2.7306297189
  -1.8030259295    3.6689360578    2.7306297189
  -2.8443469034    3.6689360578    2.7306297189
  -3.3650073904    2.7671256409    2.7306297189
  -2.8443469034    1.8653152240    2.7306297189
  -1.8030259295    1.8653152240    2.7306297189
  -2.5907253468    4.6244221976    2.0646799604
  -3.5524641887    4.1852107851    2.0646799604
  -4.1240747700    3.2957673591    2.0646799604
  -4.1240747700    2.2384839227    2.0646799604
  -2.8443469034    5.0482882824    1.1023546774
  -3.7825446824    4.5964760446    1.1023546774
  -4.4317976901    3.7823385239    1.1023546774
  -4.6635134057    2.7671256409    1.1023546774
  -4.4317976901    3.7823385239    0.0342541944
  -4.6635134057    2.7671256409    0.0342541944
  -0.9604980441   -3.9639991740    2.3344943378
  -1.7481974614   -4.9194853138    1.6685445793
  -0.7016756459   -4.7690181925    1.6685445793
  -2.0018190179   -5.3433513986    0.7062192963
  -0.9604980441   -5.3433513986    0.7062192963
  -2.0018190179   -5.3433513986   -0.3618811867
  -0.9604980441   -5.3433513986   -0.3618811867
  -1.7481974614   -4.9194853138   -1.3242064697
  -0.7016756459   -4.7690181925   -1.3242064697
  -5.0243314558   -2.2577662605   -1.3783548497
  -4.7926157401   -3.2729791435   -1.3783548497
  -4.1433627325   -4.0871166642   -1.3783548497
  -4.4848928201   -1.7291245423   -2.3406801326
  -4.4848928201   -2.7864079787   -2.3406801326
  -3.9132822388   -3.6758514047   -2.3406801326
  -2.9515433969   -4.1150628172   -2.3406801326
  -1.6431834927   -2.2577662605   -3.0066298911
  -2.1638439796   -1.3559558436   -3.0066298911
  -3.2051649535   -1.3559558436   -3.0066298911
  -3.7258254405   -2.2577662605   -3.0066298911
  -3.2051649535   -3.1595766774   -3.0066298911
  -2.1638439796   -3.1595766774   -3.0066298911
  -2.6845044666   -2.2577662605   -3.2443046082
  -2.7830093498   -2.1142461801    3.3042458735
  -1.7416883759   -2.1142461801    3.0665711565
  -2.2623488628   -1.2124357632    3.0665711565
  -3.3036698367   -1.2124357632    3.0665711565
  -3.8243303236   -2.1142461801    3.0665711565
  -3.3036698367   -3.0160565970    3.0665711565
  -2.2623488628   -3.0160565970    3.0665711565
  -4.0117871220   -0.6961610359    2.4006213980
  -4.5833977033   -1.5856044619    2.4006213980
  -4.5833977033   -2.6428878983    2.4006213980
  -4.0117871220   -3.5323313243    2.4006213980
  -3.0500482801   -3.9715427368    2.4006213980
  -4.8911206233   -1.0990332971    1.4382961150
  -5.1228363390   -2.1142461801    1.4382961150
  -4.8911206233   -3.1294590631    1.4382961150
  -4.2418676157   -3.9435965838    1.4382961150
  -5.1228363390   -2.1142461801    0.3701956320
